00000000000000010001000000100000
00000000000000010001000000100010
00000000000000000000000000100010
00000000000000010001000000100100
00000000000000010001000000100101
00000000000000010000000000100001
00000000000000010001000000100110
00000000000000010001000000100011
00000000000000010001000000100111
00000000000000010001000000101000
00000000000000010001000000101001
00000000000000010001000000101010
00000000000000010000000000101011
00000000000000010000000000101100
00000000000000010000000000101101
00000000000000010000000000101110
00000000000000010001000000101111
00000000000000010001000000110000
00000000000000010000000000000000
00000000000000010000000000000010
00000000000000010000000000000100
00000000000000010000000000000011
00000000000000010001000000011011
00000000000000000000000000001000
00000000000000010001000000011010
00100000000000010000000010101000
00110000000000010000000010101000
00110100000000010000000010101000
00101000000000010000000010101000
00010000000000010000000010101000
00010100000000010000000010101000
00011000000000000000000010101000
00011100000000000000000000000000
00100000000000000000000000110001
10001100000000010000000000000000
10101100000000010000000000000000
00001100110000000000000000000000
00100100100000000000000000110001
00100100101000000000000000110001
00100100110000000000000000110001
00100100111000000000000000110001
00100100000000000000000000110001
00100100011000000000000000110001
01000000100000000000000000110001
01000000101000000000000000110001
01000000110000000000000000110001
01000000111000000000000000110001
01000000000000000000000000110001
01000000011000000000000000110001
00001000000000000000000000110001
00100000000000000000000000000000
