00000000000000000000000000100010
00000000000000000000000000100010
00000000000000000000000000100010
00000000000000000000000000100010
00000000000000000000000000100010
00000000001000000000000000100010
00000000010000010000000000101110
00000000000000000000000000100010
00000000000000000000000000100010
00000000000000000000000000100010
00000000000000000000000000100010
00000000000000000000000000100010
00000000000000000000000000100010
00000000000000000000000000100010
00000000000000000000000000100010
00000000000000000000000000100010
00000000000000000000000000100010
00000000000000000000000000100010
00000000000000000000000000100010
00000000000000000000000000100010
00000000000000000000000000100010
00000000000000000000000000100010
00000000000000000000000000100010
00000000000000000000000000100010
00000000000000000000000000100010
00000000000000000000000000100010
00000000000000000000000000100010
00000000000000000000000000100010
00000000000000000000000000100010
00000000000000000000000000100010
00000000000000000000000000100010
00000000000000000000000000101110
00000000000000000000000000101110
00000000000000000000000000101110
00000000000000000000000000101110
00000000000000000000000000101110
00000000000000000000000000101110
00000000011000010000000000101011
00000000001000000000000000100010
00000000000000000000000000100010
00000000000000000000000000100010
00000000000000000000000000100010
00000000001000000000000000100010
00000000000000000000000000101101
00000000011000000000000000100010
00000000000000000000000000100010
00000000000000000000000000100010
00000000000000000000000000100010
00000000010000000000000000100010
00000000000000000000000000101101
00000000011000000000000000100010
00000000011000110000000000101110
00000000011000110000000000101101
00000011111000000000000000100010
00000000000000000000000000100010
00000000001000000000000000100010
00000000011000000000000000100010
00000000000000000000000000100010
00000000000000000000000000100010
00000000000000000000000000100010
00000000000000000000000000100010
00000000000000000000000000100010
00000000000000000000000000101101
00000000000000000000000000101101
00000000011000000000000000100010
00000000000000000000000000100010
00000011011000000000000000100010
00000000011000110000000000101101
00000000100000000000000000100010
00000000000000000000000000100010
00000000001000000000000000100010
00000000000000000000000000101101
00000000010000100000000000000011
00000000010000100000000000101101
00000000101000000000000000100010
00000000000000000000000000100010
00000000001000000000000000100010
00000000000000000000000000101101
00000000010000100000000000101110
00000000011000000000000000100010
00000000000000000000000000100010
00000011100000000000000000100010
00000000011000110000100000110000
00000000110000000000000000100010
00000000000000000000000000100010
00000000001000000000000000100010
00000000000000000000000000101101
00000000010000000000000000100010
00000000000000000000000000100010
00000000000000000000000000100010
00000000000000000000000000100010
00000000000000000000000000100010
00000000000000000000000000100010
00000000000000000000000000100010
00000000000000000000000000100010
00000000000000000000000000100010
00000000000000000000000000100010
00000000000000000000000000100010
00000000000000000000000000100010
00000000000000000000000000100010
00000000000000000000000000100010
00000000000000000000000000100010
00000000000000000000000000100010
00000000000000000000000000100010
00000000000000000000000000100010
00000000000000000000000000100010
00000000000000000000000000100010
00000000000000000000000000100010
00000000000000000000000000100010
00000000000000000000000000100010
00000000000000000000000000100010
00000000000000000000000000100010
00000000000000000000000000100010
00000000000000000000000000100010
00000000000000000000000000100010
00000000000000000000000000100010
00000000000000000000000000100010
00000000000000000000000000101101
00000000000000000000000000100010
00000000000000000000000000100010
00000000000000000000000000100010
00000000000000000000000000100010
00000000000000000000000000100010
00000000000000000000000000100010
00000000000000000000000000100010
00000000000000000000000000100010
