00000000000000000000000000100010
00000000100001000010000000100010
00000000011000000000000000101101
10101100000000110000000000000000
00000000000000000000000000101101
10101100000000110000000000000000
00000000000000000000000000100010
00011000001000000000000000000001
00000100010000000000000000000000
00011100010000001000000000000000
00000000001000010000000000000000
01000000110000000000000000000010
10101100000001000000000000000000
00000000000000000000000000101101
00000000010000100000000000000000
00100100110000000000000000000001
10101100000001000000000000000000
00001000000000000000000000010001
*
