00000100000000000000000000000000
00011100000000000000000000000000
00000000001000010000100000100010
00000000010000010000000000101110
10101100000000100000000000000000
00000000000000000000000000101101
10101100000000100000000000000000
00000000000000000000000000101101
10101100000000100000000000000000
00000000000000000000000000101101
10101100000000100000000000000000
00000000000000000000000000101101
10101100000000100000000000000000
00000000000000000000000000101101
10101100000000100000000000000000
00000000000000000000000000101101
10101100000000100000000000000000
00000000000000000000000000101101
10101100000000100000000000000000
00000000000000000000000000101110
00000000000000000000000000101110
00000000000000000000000000101110
00000000000000000000000000101110
00000000000000000000000000101110
00000000000000000000000000101110
00000000000000000000000000101110
00000000011000010000000000101011
00100100101000000000000000011111
00100000000000000000000000000000
10101100000000010000000000000000
00000000000000000000000000101101
01000000101000000000000000100011
00100000000000000000000000000000
10101100000000010000000000000000
00000000000000000000000000101101
00000000011000110001100000100010
00000000011000110000000000101110
00000000011000110000000000101101
00100100110000000000000000111111
00100000000000000000000000000000
10101100000000010000000000000000
01000000011000000000000000101111
00100000000000000000000000000000
00000000000000000000000000101101
10101100000000010000000000000000
00000000000000000000000000101110
00000000000000000000000000101101
00000000000000000000000000101101
00000100011000000000000011111111
00011100011000000000000001111111
00000000011000110000000000101101
00100100011000000000000000110111
00100000000000000000000000000000
10101100000000010000000000000000
00000000000000000000000000101101
00000000010000100000000000000011
00000000010000100000000000101101
00100100101000000000000000111101
00100000000000000000000000000000
10101100000000010000000000000000
00000000000000000000000000101101
00000000010000100000000000101110
00000100011000000000000000000000
00011100011000000000000010000000
00000000011000110000100000110000
00100100011000000000000001000111
00100000000000000000000000000000
10101100000000010000000000000000
00000000000000000000000000101101
00000000010000100000000000101100
00100100101000000000000000000000
00100000000000000000000000000000
10101100000000010000000000000000
00001000000000000000000001001010
00100000000000000000000000000000
*
00000000000000000000000000000000
00000000000000000000000000000000
00000000000000000000000000000000
00000000000000000000000000000000
00000000000000000000000000000000
00000000000000000000000000000000
00000000000000000000000000000000
00000000000000000000000000000000
