00000101010000000000000000000000
00011101010000000000000000000000
00011000011000000000000000000101
00011000001000000000000000000001
00011000010000000000000000000001
00011000000000000000000000000010
10101101010000010000000000000000
00000001010010100000000000101101
10101101010000100000000000000000
00000000111001110011100000100010
00000000100000010001000000100000
00000001010010100000000000101101
10101101010001000000000000000000
00000000001000100000000000101011
00000000010001000000000000101011
00000000000000000000000000101101
00000000110000000001100000101010
00010100110001111111111111111000
00001000000000000000000000010010
*
00000000000000000000000000000000
