00000100000000000000000000000000
00011100000000000000000000000000
00011000101000000000000000000101
00000000111001110011100000100010
00011001000000000000000000000001
00000000011001010000000000101110
00000000001000110000000000101011
00000000010000100001000000100010
10001101010000100000000000000000
00000000100000100000000000101101
10001101011001000000000000000000
00000001100010110101000000101010
00010101100001110000000000001000
00000000010000100000000000101101
00000000110000100000100000101010
00010100110001111111111111111000
00000000001000010000000000101110
00000000110000010100000000101010
00010000110001111111111111110100
00010000001010001111111111110011
00001000000000000000000000011000
10101100010010110000000000000000
10101100100010100000000000000000
00001000000000000000000000001101
00001000000000000000000000011000
*
00000000000000000000000000001000
00000000000000000000000000001001
00000000000000000000000000000011
00000000000000000000000000000101
00000000000000000000000000000001
