00000100000000000000000000000000
00011100000000000000000000000000
00011000000011100000000000001010
00000001110000000000100000101110
00011000000011110000000000011111
00000001101011010110100000100010
00000000000000010010000000100000
00000000100000000010000000000011
10001100100000110000000000000000
00010000011011110000000000001100
00000001111000110011000000101010
00010001101001100000000000000110
00001000000000000000000000010100
00000000000000010011100000101010
00010101101001111111111111110111
00010000001000001111111111110110
00011000000001001111111111111111
00001000000000000000000000010110
00000000100000000000000000101101
00001000000000000000000000001101
00000000100000000000100000101110
00001000000000000000000000001101
00001000000000000000000000010110
*
00000000000000000000000000000001
00000000000000000000000000000011
00000000000000000000000000000101
00000000000000000000000000000110
00000000000000000000000000001001
00000000000000000000000000001100
00000000000000000000000000001111
00000000000000000000000000010100
00000000000000000000000000011001
00000000000000000000000000011110
